;-1
;-1
;-1
;-1
;-1
1.44437,-10.32597 1.43591,-10.32597 1.42816,-10.32597 1.42011,-10.32597 1.41237,-10.32597 1.40424,-10.32597 1.39614,-10.32597 1.38799,-10.32597 1.37976,-10.32597 1.3714,-10.32597 1.36347,-10.32597 1.35508,-10.32597 1.34681,-10.32597 1.33897,-10.32597 1.3306,-10.32597 1.32258,-10.32597 1.31471,-10.32597 1.30666,-10.32597 1.29884,-10.32597 1.29112,-10.32597 1.28269,-10.32597 1.2743,-10.32597 1.26593,-10.32597 1.25789,-10.32597 1.24949,-10.32597 1.24147,-10.32597 1.23335,-10.32597 1.22524,-10.32597 1.20603,-10.32597 1.19752,-10.32597 1.18887,-10.32597 1.18088,-10.32597 1.17286,-10.32597 1.16433,-10.32597 1.15593,-10.32597 1.14798,-10.32597 1.14007,-10.32597 1.13178,-10.32597 1.12316,-10.32597 1.11496,-10.32597 1.10688,-10.32597 1.09861,-10.32597 1.09071,-10.32597 1.08209,-10.32597 1.07405,-10.32597 1.06549,-10.32597 1.05689,-10.32597 1.04853,-10.32597 1.04055,-10.32597 1.03403,-10.32597 1.02764,-10.32597 1.02089,-10.32597 1.01457,-10.32597 1.00771,-10.32597 1.0015,-10.32597 0.99529,-10.32597 0.98911,-10.32597 0.98229,-10.32597 0.97599,-10.32597 0.96903,-10.32597 ;-1
1.4462,-10.54066 1.43889,-10.54066 1.43174,-10.54066 1.42397,-10.54066 1.41688,-10.54066 1.40919,-10.54066 1.40162,-10.54066 1.39405,-10.54066 1.3867,-10.54066 1.37956,-10.54066 1.37234,-10.54066 1.36471,-10.54066 1.35725,-10.54066 1.34972,-10.54066 1.34203,-10.54066 1.33457,-10.54066 1.32741,-10.54066 1.31989,-10.54066 1.31235,-10.54066 1.30521,-10.54066 1.29795,-10.54066 1.29063,-10.54066 1.28338,-10.54066 1.27558,-10.54066 1.26811,-10.54066 1.26092,-10.54066 1.25369,-10.54066 1.24646,-10.54066 1.2388,-10.54066 1.23097,-10.54066 1.22362,-10.54066 1.20508,-10.54066 1.19778,-10.54066 1.19044,-10.54066 1.1828,-10.54066 1.17487,-10.54066 1.16749,-10.54066 1.15991,-10.54066 1.15231,-10.54066 1.14436,-10.54066 1.13647,-10.54066 1.12896,-10.54066 1.12161,-10.54066 1.11405,-10.54066 1.10598,-10.54066 1.09837,-10.54066 1.0923,-10.54066 1.08642,-10.54066 1.08038,-10.54066 1.07467,-10.54066 1.0688,-10.54066 1.06266,-10.54066 1.05681,-10.54066 1.05111,-10.54066 1.04476,-10.54066 1.03843,-10.54066 1.03283,-10.54066 1.02683,-10.54066 1.02083,-10.54066 1.01452,-10.54066 1.0083,-10.54066 1.00264,-10.54066 0.99695,-10.54066 0.99134,-10.54066 0.98567,-10.54066 0.97998,-10.54066 0.97383,-10.54066 0.9675,-10.54066 ;-1
1.44573,-10.54066 1.43817,-10.54066 1.43057,-10.54066 1.42304,-10.54066 1.41563,-10.54066 1.40826,-10.54066 1.40101,-10.54066 1.39366,-10.54066 1.38652,-10.54066 1.37901,-10.54066 1.37202,-10.54066 1.36436,-10.54066 1.35721,-10.54066 1.34986,-10.54066 1.34262,-10.54066 1.33506,-10.54066 1.32754,-10.54066 1.32049,-10.54066 1.31357,-10.54066 1.30614,-10.54066 1.299,-10.54066 1.29201,-10.54066 1.28504,-10.54066 1.27743,-10.54066 1.26978,-10.54066 1.26224,-10.54066 1.25525,-10.54066 1.24765,-10.54066 1.24031,-10.54066 1.23315,-10.54066 1.22623,-10.54066 1.20781,-10.54066 1.20072,-10.54066 1.19343,-10.54066 1.18612,-10.54066 1.17843,-10.54066 1.17134,-10.54066 1.16348,-10.54066 1.15582,-10.54066 1.1483,-10.54066 1.14106,-10.54066 1.13335,-10.54066 1.12618,-10.54066 1.12081,-10.54066 1.11478,-10.54066 1.10911,-10.54066 1.10296,-10.54066 1.09711,-10.54066 1.09099,-10.54066 1.08561,-10.54066 1.0798,-10.54066 1.07441,-10.54066 1.06888,-10.54066 1.06342,-10.54066 1.0574,-10.54066 1.05131,-10.54066 1.04563,-10.54066 1.03961,-10.54066 1.03405,-10.54066 1.02822,-10.54066 1.02249,-10.54066 1.01708,-10.54066 1.01134,-10.54066 1.00528,-10.54066 0.99925,-10.54066 0.99353,-10.54066 0.98754,-10.54066 0.98181,-10.54066 0.9758,-10.54066 0.97015,-10.54066 ;-1
1.44482,-10.32597 1.43708,-10.32597 1.4291,-10.32597 1.42137,-10.32597 1.41357,-10.32597 1.40573,-10.32597 1.39766,-10.32597 1.38964,-10.32597 1.38181,-10.32597 1.37372,-10.32597 1.3659,-10.32597 1.3579,-10.32597 1.34976,-10.32597 1.34192,-10.32597 1.33388,-10.32597 1.32626,-10.32597 1.31831,-10.32597 1.31038,-10.32597 1.30266,-10.32597 1.29506,-10.32597 1.28735,-10.32597 1.27961,-10.32597 1.27217,-10.32597 1.26404,-10.32597 1.25594,-10.32597 1.24838,-10.32597 1.24056,-10.32597 1.23251,-10.32597 1.22506,-10.32597 1.20598,-10.32597 1.19787,-10.32597 1.18973,-10.32597 1.1817,-10.32597 1.17342,-10.32597 1.16552,-10.32597 1.15745,-10.32597 1.14963,-10.32597 1.14143,-10.32597 1.1331,-10.32597 1.12518,-10.32597 1.11886,-10.32597 1.11236,-10.32597 1.10572,-10.32597 1.09927,-10.32597 1.09327,-10.32597 1.08733,-10.32597 1.08069,-10.32597 1.07399,-10.32597 1.06783,-10.32597 1.06174,-10.32597 1.05548,-10.32597 1.04876,-10.32597 1.04246,-10.32597 1.03626,-10.32597 1.03034,-10.32597 1.02383,-10.32597 1.01776,-10.32597 1.01174,-10.32597 1.00577,-10.32597 0.99906,-10.32597 0.99281,-10.32597 0.98647,-10.32597 0.98022,-10.32597 0.97429,-10.32597 0.96763,-10.32597 ;-1
1.44479,-10.32597 1.43686,-10.32597 1.4288,-10.32597 1.4209,-10.32597 1.41311,-10.32597 1.40497,-10.32597 1.39657,-10.32597 1.38834,-10.32597 1.38022,-10.32597 1.3719,-10.32597 1.3639,-10.32597 1.35562,-10.32597 1.34733,-10.32597 1.339,-10.32597 1.3307,-10.32597 1.32275,-10.32597 1.31468,-10.32597 1.30652,-10.32597 1.29868,-10.32597 1.29068,-10.32597 1.28234,-10.32597 1.27443,-10.32597 1.26672,-10.32597 1.25865,-10.32597 1.25089,-10.32597 1.2427,-10.32597 1.23468,-10.32597 1.22642,-10.32597 1.20721,-10.32597 1.19878,-10.32597 1.19076,-10.32597 1.18268,-10.32597 1.1742,-10.32597 1.16624,-10.32597 1.15773,-10.32597 1.1493,-10.32597 1.14105,-10.32597 1.13457,-10.32597 1.12762,-10.32597 1.12086,-10.32597 1.11457,-10.32597 1.10774,-10.32597 1.10123,-10.32597 1.09443,-10.32597 1.08785,-10.32597 1.08145,-10.32597 1.07498,-10.32597 1.06851,-10.32597 1.06211,-10.32597 1.0558,-10.32597 1.04958,-10.32597 1.04263,-10.32597 1.0367,-10.32597 1.03027,-10.32597 1.02376,-10.32597 1.01784,-10.11128 1.01159,-10.11128 1.00539,-10.11128 0.9987,-10.11128 0.99191,-10.11128 0.98561,-10.11128 0.9787,-10.11128 0.97177,-10.11128 ;-1
1.44598,-10.54066 1.4388,-10.54066 1.4313,-10.54066 1.42369,-10.54066 1.41659,-10.54066 1.40919,-10.54066 1.4015,-10.54066 1.39426,-10.54066 1.38706,-10.54066 1.37956,-10.54066 1.37201,-10.54066 1.36464,-10.54066 1.357,-10.54066 1.3495,-10.54066 1.34189,-10.54066 1.33418,-10.54066 1.32699,-10.54066 1.31944,-10.54066 1.31193,-10.54066 1.30459,-10.54066 1.29691,-10.54066 1.28964,-10.54066 1.28204,-10.54066 1.27478,-10.54066 1.2676,-10.54066 1.25996,-10.54066 1.25257,-10.54066 1.24539,-10.54066 1.23799,-10.54066 1.23031,-10.54066 1.21205,-10.54066 1.20446,-10.54066 1.19674,-10.54066 1.18935,-10.54066 1.18174,-10.54066 1.17414,-10.54066 1.16674,-10.54066 1.15933,-10.54066 1.15159,-10.54066 1.14379,-10.54066 1.13634,-10.54066 1.12871,-10.54066 1.12118,-10.54066 1.11355,-10.54066 1.10571,-10.54066 1.098,-10.54066 1.09013,-10.54066 1.08296,-10.54066 1.07524,-10.54066 1.06968,-10.54066 1.06359,-10.54066 1.05745,-10.54066 1.05179,-10.54066 1.04635,-10.54066 1.0404,-10.54066 1.03491,-10.54066 1.02926,-10.54066 1.02335,-10.54066 1.01787,-10.54066 1.01198,-10.54066 1.00645,-10.54066 1.00084,-10.54066 0.9952,-10.54066 0.98953,-10.54066 0.9834,-10.54066 0.97723,-10.54066 0.97111,-10.54066 ;-1
1.4442,-10.54066 1.43613,-10.54066 1.42743,-10.54066 1.4193,-10.54066 1.41136,-10.54066 1.40323,-10.54066 1.39503,-10.54066 1.38659,-10.54066 1.37864,-10.54066 1.37079,-10.32597 1.36272,-10.32597 1.35429,-10.32597 1.34597,-10.32597 1.33728,-10.32597 1.3289,-10.32597 1.32096,-10.32597 1.31264,-10.32597 1.3044,-10.32597 1.29606,-10.32597 1.28757,-10.32597 1.27911,-10.32597 1.27043,-10.32597 1.26227,-10.32597 1.25395,-10.32597 1.24566,-10.32597 1.23725,-10.32597 1.22926,-10.32597 1.20983,-10.32597 1.20104,-10.32597 1.19276,-10.32597 1.1841,-10.32597 1.1756,-10.32597 1.16716,-10.32597 1.15884,-10.32597 1.15007,-10.32597 1.14124,-10.32597 1.13305,-10.32597 1.12437,-10.32597 1.11582,-10.32597 1.10694,-10.32597 1.09822,-10.32597 1.08947,-10.32597 1.081,-10.32597 1.07237,-10.32597 1.06418,-10.32597 1.05584,-10.32597 1.04869,-10.32597 1.04181,-10.32597 1.03503,-10.32597 1.02794,-10.32597 1.02087,-10.32597 1.01416,-10.32597 1.00758,-10.32597 1.00061,-10.32597 0.99379,-10.32597 0.98728,-10.32597 0.98081,-10.32597 0.97424,-10.32597 0.9673,-10.32597 ;-1
1.44589,-10.32597 1.43821,-10.32597 1.43085,-10.32597 1.42325,-10.32597 1.41571,-10.32597 1.40796,-10.32597 1.40062,-10.32597 1.39272,-10.32597 1.3854,-10.32597 1.37776,-10.32597 1.37038,-10.32597 1.36247,-10.32597 1.35524,-10.32597 1.3479,-10.32597 1.34049,-10.32597 1.33266,-10.32597 1.32503,-10.32597 1.31735,-10.32597 1.31011,-10.32597 1.3025,-10.32597 1.29522,-10.32597 1.28746,-10.32597 1.27981,-10.32597 1.27242,-10.32597 1.26503,-10.32597 1.25734,-10.32597 1.24955,-10.32597 1.24187,-10.32597 1.23459,-10.32597 1.22691,-10.32597 1.20829,-10.32597 1.20052,-10.32597 1.19238,-10.32597 1.18429,-10.32597 1.17622,-10.32597 1.16826,-10.32597 1.16087,-10.32597 1.15322,-10.32597 1.14571,-10.32597 1.13785,-10.32597 1.13034,-10.32597 1.12234,-10.32597 1.11484,-10.32597 1.10894,-10.32597 1.10251,-10.32597 1.09624,-10.32597 1.08983,-10.32597 1.08406,-10.32597 1.0778,-10.32597 1.07149,-10.32597 1.06556,-10.32597 1.05929,-10.32597 1.05359,-10.32597 1.04721,-10.32597 1.04144,-10.32597 1.03527,-10.32597 1.02913,-10.32597 1.02309,-10.32597 1.01741,-10.32597 1.01126,-10.32597 1.00482,-10.32597 0.99905,-10.32597 0.99269,-10.32597 0.98663,-10.32597 0.98086,-10.32597 0.97482,-10.32597 0.96873,-10.32597 ;-1
1.44457,-10.54066 1.43607,-10.54066 1.42822,-10.54066 1.42037,-10.54066 1.4119,-10.54066 1.40375,-10.54066 1.39526,-10.54066 1.38741,-10.54066 1.37956,-10.54066 1.37124,-10.54066 1.36313,-10.54066 1.35502,-10.54066 1.34694,-10.54066 1.33912,-10.54066 1.33077,-10.54066 1.32239,-10.54066 1.31425,-10.54066 1.30643,-10.54066 1.29825,-10.54066 1.29012,-10.54066 1.28215,-10.54066 1.27363,-10.54066 1.26559,-10.54066 1.25714,-10.54066 1.24898,-10.54066 1.24104,-10.54066 1.23322,-10.54066 1.22468,-10.54066 1.20546,-10.54066 1.1973,-10.54066 1.18867,-10.54066 1.1802,-10.54066 1.17183,-10.54066 1.1636,-10.54066 1.15504,-10.54066 1.14671,-10.54066 1.13843,-10.54066 1.13038,-10.54066 1.1219,-10.54066 1.11363,-10.54066 1.10673,-10.54066 1.10006,-10.54066 1.09315,-10.54066 1.08682,-10.54066 1.08011,-10.54066 1.07371,-10.54066 1.06698,-10.54066 1.06065,-10.54066 1.05391,-10.54066 1.04711,-10.54066 1.04051,-10.54066 1.03412,-10.54066 1.02775,-10.54066 1.02117,-10.54066 1.01417,-10.54066 1.00759,-10.54066 1.00073,-10.54066 0.99425,-10.54066 0.98791,-10.54066 0.98149,-10.54066 0.97484,-10.54066 0.96786,-10.54066 ;-1
1.44641,-10.32597 1.43934,-10.32597 1.4322,-10.32597 1.42457,-10.32597 1.41696,-10.32597 1.40985,-10.32597 1.40281,-10.32597 1.39555,-10.32597 1.38834,-10.32597 1.38129,-10.32597 1.3739,-10.32597 1.36669,-10.32597 1.35965,-10.32597 1.35225,-10.32597 1.3447,-10.32597 1.33735,-10.32597 1.33019,-10.32597 1.32239,-10.32597 1.3146,-10.32597 1.30742,-10.32597 1.29982,-10.32597 1.29248,-10.32597 1.28469,-10.32597 1.2774,-10.32597 1.2699,-10.32597 1.2627,-10.32597 1.25528,-10.32597 1.24819,-10.32597 1.24071,-10.32597 1.23356,-10.32597 1.22603,-10.32597 1.20747,-10.32597 1.20023,-10.32597 1.19274,-10.32597 1.18498,-10.32597 1.17772,-10.32597 1.17046,-10.32597 1.16446,-10.32597 1.15863,-10.32597 1.15298,-10.32597 1.14736,-10.32597 1.14137,-10.32597 1.13519,-10.32597 1.12919,-10.32597 1.12366,-10.32597 1.11784,-10.32597 1.1123,-10.32597 1.10611,-10.32597 1.10062,-10.32597 1.09441,-10.32597 1.08872,-10.32597 1.08273,-10.32597 1.07647,-10.32597 1.07031,-10.32597 1.06428,-10.32597 1.05809,-10.32597 1.05209,-10.32597 1.04636,-10.32597 1.04071,-10.32597 1.03478,-10.32597 1.02927,-10.32597 1.02339,-10.32597 1.01712,-10.32597 1.01122,-10.32597 1.00539,-10.32597 0.99915,-10.32597 0.99319,-10.32597 0.9871,-10.32597 0.98161,-10.32597 0.97593,-10.32597 0.97028,-10.32597 ;-1
1.44406,-10.54066 1.43539,-10.54066 1.4264,-10.54066 1.41766,-10.54066 1.40868,-10.54066 1.40028,-10.54066 1.39182,-10.54066 1.38302,-10.54066 1.37424,-10.54066 1.36557,-10.54066 1.35661,-10.54066 1.34803,-10.54066 1.33922,-10.54066 1.33057,-10.54066 1.32198,-10.54066 1.31298,-10.54066 1.30443,-10.54066 1.29585,-10.54066 1.28703,-10.54066 1.27854,-10.54066 1.26972,-10.54066 1.26122,-10.54066 1.25282,-10.54066 1.24373,-10.54066 1.23503,-10.54066 1.226,-10.54066 1.20642,-10.54066 1.19715,-10.54066 1.18789,-10.54066 1.17933,-10.54066 1.17044,-10.54066 1.16125,-10.54066 1.15204,-10.54066 1.14319,-10.54066 1.13437,-10.54066 1.12581,-10.54066 1.11679,-10.54066 1.10776,-10.54066 1.09906,-10.54066 1.08976,-10.54066 1.08048,-10.54066 1.07158,-10.54066 1.06235,-10.54066 1.05328,-10.54066 1.04451,-10.54066 1.0356,-10.54066 1.02674,-10.54066 1.0181,-10.54066 1.00917,-10.54066 1.00221,-10.54066 0.99501,-10.54066 0.98815,-10.54066 0.98108,-10.54066 0.97359,-10.54066 0.96628,-10.54066 ;-1
1.44509,-10.11128 1.43753,-10.11128 1.43007,-10.11128 1.42218,-10.11128 1.41415,-10.11128 1.40644,-10.11128 1.39902,-10.11128 1.3916,-10.11128 1.38358,-10.11128 1.37562,-10.11128 1.36754,-10.11128 1.35977,-10.11128 1.35168,-10.11128 1.34392,-10.11128 1.3363,-10.11128 1.3284,-10.11128 1.32082,-10.11128 1.31316,-10.11128 1.30506,-10.11128 1.29738,-10.11128 1.28946,-10.11128 1.28167,-10.11128 1.27377,-10.11128 1.2662,-10.11128 1.25842,-10.11128 1.25043,-10.11128 1.24274,-10.11128 1.23523,-10.11128 1.22735,-10.11128 1.20835,-10.11128 1.20012,-10.11128 1.19259,-10.11128 1.18475,-10.11128 1.17651,-10.11128 1.16861,-10.11128 1.16078,-10.11128 1.15279,-10.11128 1.1449,-10.11128 1.13685,-10.11128 1.12903,-10.11128 1.12106,-10.11128 1.11333,-10.11128 1.10542,-10.11128 1.09757,-10.11128 1.08976,-10.11128 1.08224,-10.11128 1.07629,-10.11128 1.07001,-10.11128 1.0641,-10.11128 1.05815,-10.11128 1.05159,-10.11128 1.04556,-10.11128 1.03959,-10.11128 1.03357,-10.11128 1.02753,-10.11128 1.02135,-10.11128 1.01485,-10.11128 1.009,-10.11128 1.00272,-10.11128 0.99628,-10.11128 0.99025,-10.11128 0.98444,-10.11128 0.97803,-10.11128 0.97196,-10.11128 ;-1
1.44375,-10.32597 1.43551,-10.32597 1.42677,-10.32597 1.41785,-10.32597 1.40914,-10.32597 1.40038,-10.32597 1.39213,-10.32597 1.38315,-10.32597 1.37465,-10.32597 1.36622,-10.32597 1.35797,-10.32597 1.34947,-10.32597 1.34109,-10.32597 1.33226,-10.32597 1.32343,-10.32597 1.31475,-10.32597 1.30643,-10.32597 1.29792,-10.32597 1.28938,-10.32597 1.28089,-10.32597 1.2725,-10.32597 1.26363,-10.32597 1.25504,-10.32597 1.24672,-10.32597 1.23847,-10.32597 1.23007,-10.32597 1.21051,-10.32597 1.20133,-10.32597 1.19269,-10.32597 1.18362,-10.32597 1.17518,-10.32597 1.16631,-10.32597 1.15755,-10.32597 1.14889,-10.32597 1.14006,-10.32597 1.1311,-10.32597 1.12204,-10.32597 1.1131,-10.32597 1.10433,-10.32597 1.09584,-10.32597 1.08723,-10.32597 1.07876,-10.32597 1.0702,-10.32597 1.06301,-10.32597 1.05568,-10.32597 1.04888,-10.32597 1.04205,-10.32597 1.03479,-10.32597 1.02739,-10.32597 1.01994,-10.32597 1.01303,-10.32597 1.00593,-10.32597 0.99916,-10.32597 0.99217,-10.32597 0.98522,-10.32597 0.97842,-10.32597 0.971,-10.32597 ;-1
1.44636,-10.11128 1.43874,-10.11128 1.43114,-10.11128 1.4237,-10.11128 1.41614,-10.11128 1.40905,-10.11128 1.40153,-10.11128 1.39425,-10.11128 1.38678,-10.11128 1.37942,-10.11128 1.37217,-10.11128 1.36525,-10.11128 1.35822,-10.11128 1.35134,-10.11128 1.34402,-10.11128 1.33682,-10.11128 1.32943,-10.11128 1.32225,-10.11128 1.31483,-10.11128 1.30755,-10.11128 1.30051,-10.11128 1.29351,-10.11128 1.28608,-10.11128 1.27915,-10.11128 1.27181,-10.11128 1.26474,-10.11128 1.25784,-10.11128 1.25022,-10.11128 1.24335,-10.11128 1.23583,-10.11128 1.22872,-10.11128 1.21033,-10.11128 1.2029,-10.11128 1.19573,-10.11128 1.18851,-10.11128 1.181,-10.11128 1.17337,-10.11128 1.16567,-10.11128 1.15843,-10.11128 1.15134,-10.11128 1.1456,-10.11128 1.14003,-10.11128 1.13456,-10.11128 1.12882,-10.11128 1.12324,-10.11128 1.11725,-10.11128 1.11142,-10.11128 1.1058,-10.11128 1.10004,-10.11128 1.09439,-10.11128 1.08835,-10.11128 1.08241,-10.11128 1.07648,-10.11128 1.07102,-10.11128 1.06528,-10.11128 1.0596,-10.11128 1.05412,-10.11128 1.0486,-10.11128 1.04307,-10.11128 1.03753,-10.11128 1.03205,-10.11128 1.02669,-10.11128 1.02129,-10.11128 1.01546,-10.11128 1.01,-10.11128 1.00409,-10.11128 0.99822,-10.11128 0.99243,-10.11128 0.98692,-10.11128 0.9814,-10.11128 0.9756,-10.11128 0.97007,-10.11128 ;-1
1.44652,-10.54066 1.43945,-10.54066 1.43235,-10.54066 1.42538,-10.54066 1.41821,-10.54066 1.41113,-10.54066 1.40375,-10.54066 1.3963,-10.54066 1.38934,-10.54066 1.38201,-10.54066 1.3751,-10.54066 1.36796,-10.54066 1.36079,-10.54066 1.35321,-10.54066 1.3463,-10.54066 1.33869,-10.54066 1.33138,-10.54066 1.32399,-10.54066 1.31678,-10.54066 1.30986,-10.54066 1.30252,-10.54066 1.29515,-10.54066 1.28768,-10.54066 1.28061,-10.54066 1.27366,-10.54066 1.2666,-10.54066 1.25939,-10.54066 1.25196,-10.54066 1.24431,-10.54066 1.23725,-10.54066 1.23007,-10.54066 1.21155,-10.54066 1.20437,-10.54066 1.19726,-10.54066 1.18952,-10.54066 1.18233,-10.54066 1.17511,-10.54066 1.16952,-10.54066 1.1639,-10.54066 1.15851,-10.54066 1.15256,-10.54066 1.14681,-10.54066 1.14141,-10.54066 1.13541,-10.54066 1.12955,-10.54066 1.12354,-10.54066 1.11755,-10.54066 1.11218,-10.54066 1.10642,-10.54066 1.10054,-10.54066 1.09471,-10.54066 1.08928,-10.54066 1.08364,-10.54066 1.07794,-10.54066 1.07215,-10.54066 1.0663,-10.54066 1.06037,-10.54066 1.05434,-10.54066 1.04853,-10.54066 1.04248,-10.54066 1.03668,-10.54066 1.0306,-10.54066 1.02518,-10.54066 1.0192,-10.54066 1.01384,-10.54066 1.0077,-10.54066 1.00206,-10.54066 0.99662,-10.54066 0.99055,-10.54066 0.98516,-10.54066 0.97961,-10.54066 0.97387,-10.54066 0.96828,-10.54066 ;-1
-0.25037,-0.53275 -0.24385,-0.53275 -0.23704,-0.53275 -0.23022,-0.53275 -0.22342,-0.53275 -0.21642,-0.53275 -0.20978,-0.53275 -0.20307,-0.53275 -0.19624,-0.53275 -0.18932,-0.53275 -0.18251,-0.53275 -0.17575,-0.53275 -0.16886,-0.53275 -0.16199,-0.53275 -0.15521,-0.53275 -0.1487,-0.53275 -0.142,-0.53275 -0.13512,-0.53275 -0.12824,-0.53275 -0.12147,-0.53275 -0.11454,-0.53275 -0.1076,-0.53275 -0.10087,-0.53275 -0.09386,-0.53275 -0.08711,-0.53275 -0.08028,-0.53275 -0.07366,-0.53275 -0.05813,-0.53275 -0.05116,-0.53275 -0.04438,-0.53275 -0.03779,-0.53275 -0.03079,-0.53275 -0.02384,-0.53275 -0.01721,-0.53275 -0.01021,-0.53275 -0.00345,-0.53275 0.00333,-0.53275 0.0104,-0.53275 0.0172,-0.53275 0.0244,-0.53275 0.03108,-0.53275 0.038,-0.53275 0.04489,-0.53275 0.05203,-0.53275 0.05874,-0.53275 0.06558,-0.53275 0.07266,-0.53275 0.07963,-0.53275 0.08651,-0.53275 0.09201,-0.53275 0.09751,-0.53275 0.10307,-0.53275 0.1085,-0.53275 0.11379,-0.53275 0.11934,-0.53275 0.12493,-0.53275 0.13063,-0.53275 ;-1
-0.25017,-0.53665 -0.2439,-0.53665 -0.23736,-0.53665 -0.23101,-0.53665 -0.22457,-0.53665 -0.21826,-0.53665 -0.21152,-0.53665 -0.20504,-0.53665 -0.19846,-0.53665 -0.19179,-0.53665 -0.18511,-0.53665 -0.17887,-0.53665 -0.17256,-0.53665 -0.16612,-0.53665 -0.15981,-0.53665 -0.15321,-0.53665 -0.14675,-0.53665 -0.1401,-0.53665 -0.13385,-0.53665 -0.12761,-0.53665 -0.12138,-0.53665 -0.11483,-0.53665 -0.10863,-0.53665 -0.10215,-0.53665 -0.09592,-0.53665 -0.08948,-0.53665 -0.08269,-0.53665 -0.0764,-0.53665 -0.06118,-0.53665 -0.05428,-0.53665 -0.04779,-0.53665 -0.04119,-0.53665 -0.0347,-0.53665 -0.02835,-0.53665 -0.02182,-0.53665 -0.01542,-0.53665 -0.00889,-0.53665 -0.00208,-0.53665 0.00441,-0.53665 0.01101,-0.53665 0.01737,-0.53665 0.02414,-0.53665 0.03088,-0.53665 0.03757,-0.53665 0.0445,-0.53665 0.05107,-0.53665 0.05653,-0.53665 0.06191,-0.53665 0.06738,-0.53665 0.07244,-0.53665 0.07782,-0.53665 0.08302,-0.53665 0.08811,-0.53665 0.09358,-0.53665 0.09915,-0.53665 0.10452,-0.53665 0.10983,-0.53665 0.1151,-0.53665 0.12019,-0.53665 0.12536,-0.53665 0.1308,-0.53665 ;-1
-0.25132,-0.53275 -0.24535,-0.53275 -0.23894,-0.53275 -0.23271,-0.53275 -0.22664,-0.53275 -0.22068,-0.53275 -0.21464,-0.53275 -0.20835,-0.53275 -0.20233,-0.53275 -0.19632,-0.53275 -0.19045,-0.53275 -0.18453,-0.53275 -0.17834,-0.53275 -0.17196,-0.53275 -0.16602,-0.53275 -0.15963,-0.53275 -0.15374,-0.53275 -0.14775,-0.53275 -0.1416,-0.53275 -0.13541,-0.53275 -0.12931,-0.53275 -0.12317,-0.53275 -0.11718,-0.53275 -0.11126,-0.53275 -0.10527,-0.53275 -0.09904,-0.53275 -0.09285,-0.53275 -0.08696,-0.53275 -0.08095,-0.53275 -0.07484,-0.53275 -0.05972,-0.53275 -0.05319,-0.53275 -0.04686,-0.53275 -0.04078,-0.53275 -0.03469,-0.53275 -0.02828,-0.53275 -0.02182,-0.53275 -0.01554,-0.53275 -0.00917,-0.53275 -0.00306,-0.53275 0.0034,-0.53275 0.00977,-0.53275 0.01581,-0.53275 0.02063,-0.53275 0.02526,-0.53275 0.02984,-0.53275 0.03451,-0.53275 0.03961,-0.53275 0.04442,-0.53275 0.04932,-0.53275 0.05427,-0.53275 0.059,-0.53275 0.06358,-0.53275 0.06825,-0.53275 0.07311,-0.53275 0.07787,-0.53275 0.08273,-0.53275 0.08785,-0.53275 0.09276,-0.53275 0.09751,-0.53275 0.10247,-0.53275 0.10765,-0.53275 0.11259,-0.53275 0.11768,-0.53275 0.1227,-0.53275 0.12732,-0.53275 0.13252,-0.53275 ;-1
-0.24964,-0.54054 -0.24281,-0.54054 -0.23564,-0.54054 -0.22892,-0.54054 -0.22204,-0.54054 -0.21535,-0.54054 -0.20847,-0.54054 -0.20147,-0.54054 -0.19482,-0.54054 -0.188,-0.54054 -0.18087,-0.54054 -0.174,-0.54054 -0.1673,-0.54054 -0.16025,-0.54054 -0.15337,-0.54054 -0.14634,-0.54054 -0.13949,-0.54054 -0.13245,-0.54054 -0.12531,-0.54054 -0.11847,-0.54054 -0.1114,-0.54054 -0.10448,-0.54054 -0.09738,-0.54054 -0.09053,-0.54054 -0.08342,-0.54054 -0.07643,-0.54054 -0.06053,-0.54054 -0.05371,-0.54054 -0.04668,-0.54054 -0.03955,-0.54054 -0.03221,-0.54054 -0.02515,-0.54054 -0.0179,-0.54054 -0.01075,-0.54054 -0.00389,-0.54054 0.00298,-0.54054 0.00973,-0.54054 0.01648,-0.54054 0.02377,-0.54054 0.031,-0.54054 0.03661,-0.54054 0.04257,-0.54054 0.0484,-0.54054 0.05435,-0.54054 0.06027,-0.54054 0.06581,-0.54054 0.07141,-0.54054 0.07692,-0.54054 0.08231,-0.54054 0.08827,-0.54054 0.09367,-0.54054 0.09932,-0.54054 0.10489,-0.54054 0.11078,-0.54054 0.11645,-0.54054 0.12201,-0.54054 0.12767,-0.54054 0.13304,-0.54054 ;-1
-0.24987,-0.54054 -0.24327,-0.54054 -0.2365,-0.54054 -0.22934,-0.54054 -0.22276,-0.54054 -0.21603,-0.54054 -0.20949,-0.54054 -0.20244,-0.54054 -0.19536,-0.54054 -0.18878,-0.54054 -0.18205,-0.54054 -0.17493,-0.54054 -0.16824,-0.54054 -0.16154,-0.54054 -0.15496,-0.54054 -0.14824,-0.54054 -0.14115,-0.54054 -0.134,-0.54054 -0.12685,-0.54054 -0.11971,-0.54054 -0.1127,-0.54054 -0.10607,-0.54054 -0.09924,-0.54054 -0.09243,-0.54054 -0.08587,-0.54054 -0.07923,-0.54054 -0.06343,-0.54054 -0.05613,-0.54054 -0.04918,-0.54054 -0.04191,-0.54054 -0.03506,-0.54054 -0.02823,-0.54054 -0.02115,-0.54054 -0.01441,-0.54054 -0.00718,-0.54054 -0.00044,-0.54054 0.0066,-0.54054 0.01208,-0.54054 0.01756,-0.54054 0.0229,-0.54054 0.02824,-0.54054 0.03418,-0.54054 0.04014,-0.54054 0.04575,-0.54054 0.0517,-0.54054 0.05724,-0.54054 0.06287,-0.54054 0.06841,-0.54054 0.07409,-0.54054 0.07988,-0.54054 0.08524,-0.54054 0.09074,-0.54054 0.0967,-0.54054 0.1026,-0.54054 0.10816,-0.54054 0.11395,-0.54054 0.11959,-0.54054 0.1253,-0.54054 0.131,-0.54054 ;-1
-0.25108,-0.53275 -0.24508,-0.53275 -0.23876,-0.53275 -0.23257,-0.53275 -0.22633,-0.53275 -0.2199,-0.53275 -0.21342,-0.53275 -0.20709,-0.53275 -0.20073,-0.53275 -0.19482,-0.53275 -0.18845,-0.53275 -0.18236,-0.53275 -0.17586,-0.53275 -0.16964,-0.53275 -0.16325,-0.53275 -0.15678,-0.53275 -0.15037,-0.53275 -0.14391,-0.53275 -0.13787,-0.53275 -0.13146,-0.53275 -0.12536,-0.53275 -0.11918,-0.53275 -0.113,-0.53275 -0.10706,-0.53275 -0.1009,-0.53275 -0.09468,-0.53275 -0.08838,-0.53275 -0.08228,-0.53275 -0.07625,-0.53275 -0.0611,-0.53275 -0.05469,-0.53275 -0.04811,-0.53275 -0.04181,-0.53275 -0.03557,-0.53275 -0.02922,-0.53275 -0.02265,-0.53275 -0.0164,-0.53275 -0.01014,-0.53275 -0.00352,-0.53275 0.003,-0.53275 0.00966,-0.53275 0.01572,-0.53275 0.02236,-0.53275 0.02871,-0.53275 0.03517,-0.53275 0.04165,-0.53275 0.04794,-0.53275 0.05433,-0.53275 0.06055,-0.53275 0.06522,-0.53275 0.0705,-0.53275 0.0756,-0.53275 0.08055,-0.53275 0.08565,-0.53275 0.09042,-0.53275 0.09521,-0.53275 0.10015,-0.53275 0.10488,-0.53275 0.11007,-0.53275 0.11481,-0.53275 0.12009,-0.53275 0.12538,-0.53275 0.13008,-0.53275 ;-1
-0.25071,-0.54054 -0.24441,-0.54054 -0.238,-0.54054 -0.2319,-0.54054 -0.22579,-0.54054 -0.21993,-0.54054 -0.21373,-0.54054 -0.20761,-0.54054 -0.20137,-0.54054 -0.19492,-0.54054 -0.18896,-0.54054 -0.18299,-0.54054 -0.17671,-0.54054 -0.17039,-0.54054 -0.16437,-0.54054 -0.15841,-0.54054 -0.15232,-0.54054 -0.1461,-0.54054 -0.1399,-0.54054 -0.13397,-0.54054 -0.12798,-0.54054 -0.12198,-0.54054 -0.11578,-0.54054 -0.10966,-0.54054 -0.10346,-0.54054 -0.09708,-0.54054 -0.09084,-0.54054 -0.08441,-0.54054 -0.07804,-0.54054 -0.06282,-0.54054 -0.05671,-0.54054 -0.05031,-0.54054 -0.04401,-0.54054 -0.03798,-0.54054 -0.03167,-0.54054 -0.0255,-0.54054 -0.01943,-0.54054 -0.01316,-0.54054 -0.00711,-0.54054 -0.0006,-0.54054 0.00594,-0.54054 0.01231,-0.54054 0.01847,-0.54054 0.0246,-0.54054 0.03087,-0.54054 0.03686,-0.54054 0.04154,-0.54054 0.04675,-0.54054 0.0518,-0.54054 0.05696,-0.54054 0.06173,-0.54054 0.06651,-0.54054 0.07158,-0.54054 0.0763,-0.54054 0.08147,-0.54054 0.08667,-0.54054 0.09178,-0.54054 0.0965,-0.54054 0.10125,-0.54054 0.106,-0.54054 0.11075,-0.54054 0.11556,-0.54054 0.12039,-0.54054 0.12543,-0.54054 0.13048,-0.54054 ;-1
-0.25062,-0.53665 -0.24385,-0.53665 -0.23751,-0.53665 -0.231,-0.53665 -0.22446,-0.53665 -0.21789,-0.53665 -0.21122,-0.53665 -0.20469,-0.53665 -0.19806,-0.53665 -0.19162,-0.53665 -0.18492,-0.53665 -0.1782,-0.53665 -0.17191,-0.53665 -0.16516,-0.53665 -0.15857,-0.53665 -0.15176,-0.53665 -0.14542,-0.53665 -0.13872,-0.53665 -0.13198,-0.53665 -0.12511,-0.53665 -0.11823,-0.53665 -0.11175,-0.53665 -0.10493,-0.53665 -0.09824,-0.53665 -0.09148,-0.53665 -0.08472,-0.53665 -0.07817,-0.53665 -0.06252,-0.53665 -0.05551,-0.53665 -0.04895,-0.53665 -0.04206,-0.53665 -0.03546,-0.53665 -0.02847,-0.53665 -0.02149,-0.53665 -0.01496,-0.53665 -0.00798,-0.53665 -0.00104,-0.53665 0.00578,-0.53665 0.0127,-0.53665 0.01922,-0.53665 0.02574,-0.53665 0.0322,-0.53665 0.03872,-0.53665 0.0439,-0.53665 0.0492,-0.53665 0.0543,-0.53665 0.05938,-0.53665 0.06451,-0.53665 0.07014,-0.53665 0.0757,-0.53665 0.08075,-0.53665 0.08604,-0.53665 0.09135,-0.53665 0.09679,-0.53665 0.10227,-0.53665 0.10747,-0.53665 0.11261,-0.53665 0.11826,-0.53665 0.1235,-0.53665 0.12906,-0.53665 0.1341,-0.53665 ;-1
-0.25106,-0.53275 -0.24454,-0.53275 -0.23831,-0.53275 -0.23223,-0.53275 -0.22627,-0.53275 -0.21978,-0.53275 -0.21342,-0.53275 -0.20699,-0.53275 -0.20089,-0.53275 -0.1947,-0.53275 -0.18822,-0.53275 -0.18212,-0.53275 -0.17581,-0.53275 -0.16944,-0.53275 -0.16343,-0.53275 -0.15735,-0.53275 -0.15132,-0.53275 -0.14525,-0.53275 -0.13928,-0.53275 -0.13315,-0.53275 -0.12717,-0.53275 -0.12098,-0.53275 -0.11497,-0.53275 -0.10858,-0.53275 -0.10217,-0.53275 -0.09624,-0.53275 -0.09019,-0.53275 -0.08378,-0.53275 -0.07754,-0.53275 -0.06249,-0.53275 -0.0562,-0.53275 -0.05,-0.53275 -0.04343,-0.53275 -0.03705,-0.53275 -0.03059,-0.53275 -0.02393,-0.53275 -0.01778,-0.53275 -0.01125,-0.53275 -0.00463,-0.53275 0.0015,-0.53275 0.00651,-0.53275 0.01132,-0.53275 0.01609,-0.53275 0.02098,-0.53275 0.02606,-0.53275 0.03093,-0.53275 0.03617,-0.53275 0.04094,-0.53275 0.04576,-0.53275 0.05103,-0.53275 0.05596,-0.53275 0.06108,-0.53275 0.06597,-0.53275 0.07088,-0.53275 0.07572,-0.53275 0.08072,-0.53275 0.08601,-0.53275 0.0908,-0.53275 0.09611,-0.53275 0.10108,-0.53275 0.10604,-0.53275 0.11128,-0.53275 0.11656,-0.53275 0.12151,-0.53275 0.12652,-0.53275 0.13165,-0.53275 ;-1
-0.25157,-0.53275 -0.24566,-0.53275 -0.23995,-0.53275 -0.23379,-0.53275 -0.22813,-0.53275 -0.22192,-0.53275 -0.21571,-0.53275 -0.21002,-0.53275 -0.20394,-0.53275 -0.1981,-0.53275 -0.19208,-0.53275 -0.18632,-0.53275 -0.18059,-0.53275 -0.17483,-0.53275 -0.16903,-0.53275 -0.16331,-0.53275 -0.15721,-0.53275 -0.15127,-0.53275 -0.1451,-0.53275 -0.13894,-0.53275 -0.13311,-0.53275 -0.12731,-0.53275 -0.12164,-0.53275 -0.11589,-0.53275 -0.10994,-0.53275 -0.10371,-0.53275 -0.09773,-0.53275 -0.09155,-0.53275 -0.08585,-0.53275 -0.07975,-0.53275 -0.07396,-0.53275 -0.05892,-0.53275 -0.0529,-0.53275 -0.04688,-0.53275 -0.04081,-0.53275 -0.03445,-0.53275 -0.02814,-0.53275 -0.02314,-0.53275 -0.01827,-0.53275 -0.01349,-0.53275 -0.00877,-0.53275 -0.00372,-0.53275 0.00117,-0.53275 0.00616,-0.53275 0.01105,-0.53275 0.01599,-0.53275 0.02056,-0.53275 0.0251,-0.53275 0.0298,-0.53275 0.03438,-0.53275 0.03894,-0.53275 0.04343,-0.53275 0.04806,-0.53275 0.05294,-0.53275 0.05772,-0.53275 0.06215,-0.53275 0.06705,-0.53275 0.07155,-0.53275 0.07639,-0.53275 0.08128,-0.53275 0.0859,-0.53275 0.09074,-0.53275 0.09577,-0.53275 0.10059,-0.53275 0.10525,-0.53275 0.10981,-0.53275 0.1148,-0.53275 0.11928,-0.53275 0.12434,-0.53275 0.12936,-0.53275 ;-1
