;-1
;-1
;-1
;-1
;-1
-0.919,0.04 -0.887,0.04 -0.859,0.04 -0.83,0.04 -0.802,0.04 -0.772,0.04 -0.742,0.04 -0.712,0.04 -0.682,0.04 -0.65,0.04 -0.621,0.04 -0.59,0.68 -0.56,0.04 -0.531,0.68 -0.499,0.04 -0.469,-0.6 -0.439,0.04 -0.411,0.68 -0.382,0.04 -0.346,-0.6 -0.306,0.04 -0.265,-0.6 -0.226,0.04 -0.184,0.68 -0.145,0.04 -0.106,-0.6 -0.067,0.04 -0.028,0.68 0.013,0.04 0.054,0.68 0.096,0.04 0.136,0.68 0.247,0.04 0.29,-0.6 0.329,0.04 0.373,-0.6 0.412,0.04 0.452,0.68 0.491,0.04 0.531,0.68 0.57,0.04 0.613,0.68 0.655,0.04 0.695,0.68 0.738,0.04 0.779,0.68 0.818,0.04 0.86,0.68 0.903,0.04 0.947,0.68 0.991,0.04 ;0
-0.927,-0.6 -0.9,-0.6 -0.874,-0.6 -0.845,-0.6 -0.819,-0.6 -0.79,-0.6 -0.762,-0.6 -0.734,-0.6 -0.707,-0.6 -0.681,-0.6 -0.655,-0.6 -0.626,-0.6 -0.598,-0.6 -0.572,-0.6 -0.542,-0.6 -0.515,-0.6 -0.48,-0.6 -0.442,-0.6 -0.405,-0.6 -0.368,-0.6 -0.332,-0.6 -0.293,-0.6 -0.255,-0.6 -0.219,-0.6 -0.182,-0.6 -0.145,-0.6 -0.106,-0.6 -0.065,-0.6 -0.027,-0.6 0.011,-0.6 0.048,-0.6 0.087,-0.6 0.127,-0.6 0.238,-0.6 0.277,-0.6 0.318,-0.6 0.355,-0.6 0.393,-0.6 0.432,-0.6 0.473,-0.6 0.51,-0.6 0.552,-0.6 0.592,-0.6 0.632,-0.6 0.67,-0.6 0.711,-0.6 0.749,-0.6 0.786,-0.6 0.827,-0.6 0.866,-0.6 0.908,-0.6 0.948,-0.6 0.99,-0.6 ;0
-0.923,-0.6 -0.894,-0.6 -0.864,-0.6 -0.836,-0.6 -0.808,-0.6 -0.78,-0.6 -0.753,-0.6 -0.725,-0.6 -0.699,-0.6 -0.67,-0.6 -0.642,-0.6 -0.615,-0.6 -0.59,-0.6 -0.557,-0.6 -0.518,-0.6 -0.479,-0.6 -0.443,-0.6 -0.407,-0.6 -0.368,-0.6 -0.33,-0.6 -0.295,-0.6 -0.255,-0.6 -0.216,-0.6 -0.178,-0.6 -0.142,-0.6 -0.102,-0.6 -0.064,-0.6 -0.029,-0.6 0.009,-0.6 0.046,-0.6 0.085,-0.6 0.124,-0.6 0.232,-0.6 0.269,-0.6 0.307,-0.6 0.346,-0.6 0.386,-0.6 0.426,-0.6 0.464,-0.6 0.501,-0.6 0.539,-0.6 0.58,-0.6 0.619,-0.6 0.658,-0.6 0.697,-0.6 0.736,-0.6 0.773,-0.6 0.812,-0.6 0.852,-0.6 0.89,-0.6 0.927,-0.6 0.966,-0.6 ;0
-0.926,0.04 -0.9,0.04 -0.873,0.04 -0.846,0.04 -0.821,0.04 -0.796,0.04 -0.77,0.04 -0.742,0.04 -0.715,0.04 -0.689,0.04 -0.657,0.04 -0.618,0.04 -0.581,0.04 -0.543,0.04 -0.504,0.04 -0.465,0.04 -0.429,0.04 -0.391,0.04 -0.353,0.04 -0.315,0.04 -0.278,0.04 -0.241,0.04 -0.204,0.04 -0.167,0.04 -0.13,0.04 -0.095,0.04 -0.058,0.04 -0.02,0.04 0.016,0.04 0.05,0.04 0.087,0.04 0.122,0.04 0.23,0.04 0.269,0.04 0.304,0.04 0.342,0.04 0.38,0.04 0.419,0.04 0.457,0.04 0.497,0.04 0.534,0.04 0.57,0.04 0.609,0.04 0.645,0.04 0.684,0.04 0.722,0.04 0.761,0.04 0.798,0.04 0.836,0.04 0.873,0.04 0.912,0.04 0.951,0.04 0.99,0.04 ;0
-0.929,0.04 -0.903,0.04 -0.875,0.04 -0.849,0.04 -0.824,0.04 -0.799,0.04 -0.773,0.04 -0.738,0.04 -0.703,0.04 -0.664,0.04 -0.627,0.04 -0.589,0.04 -0.552,0.04 -0.514,0.04 -0.475,0.04 -0.439,0.04 -0.4,0.04 -0.362,0.04 -0.326,0.04 -0.291,0.04 -0.255,0.04 -0.218,0.04 -0.184,0.04 -0.145,0.04 -0.107,0.04 -0.072,0.04 -0.035,0.04 0.003,0.04 0.038,0.04 0.075,0.04 0.112,0.04 0.22,0.04 0.26,0.04 0.297,0.04 0.334,0.04 0.37,0.04 0.406,0.04 0.442,0.04 0.48,0.04 0.517,0.04 0.557,0.04 0.596,0.04 0.636,0.04 0.671,0.04 0.709,0.04 0.747,0.04 0.784,0.04 0.824,0.04 0.864,0.04 0.9,0.04 0.936,0.04 0.975,0.04 ;0
-0.905,-0.6 -0.865,-0.6 -0.823,-0.6 -0.784,-0.6 -0.747,-0.6 -0.709,-0.6 -0.668,-0.6 -0.63,-0.6 -0.589,-0.6 -0.549,-0.6 -0.508,-0.6 -0.467,0.04 -0.43,-0.6 -0.391,0.04 -0.354,-0.6 -0.313,0.04 -0.273,0.68 -0.234,0.04 -0.194,-0.6 -0.147,0.04 -0.099,0.68 -0.051,0.04 -0.002,-0.6 0.048,0.04 0.099,0.04 0.221,-0.6 0.27,0.04 0.323,-0.6 0.377,0.04 0.426,-0.6 0.476,0.04 0.525,0.68 0.577,0.04 0.626,0.04 0.679,-0.6 0.73,0.04 0.781,0.68 0.835,0.04 0.885,0.68 0.934,0.04 0.985,0.68 ;0
-0.898,-0.6 -0.859,-0.6 -0.817,-0.6 -0.777,-0.6 -0.735,-0.6 -0.693,-0.6 -0.654,-0.6 -0.616,-0.6 -0.574,-0.6 -0.531,-0.6 -0.493,-0.6 -0.455,-0.6 -0.414,-0.6 -0.372,-0.6 -0.332,-0.6 -0.29,-0.6 -0.242,-0.6 -0.19,-0.6 -0.139,-0.6 -0.091,-0.6 -0.04,-0.6 0.013,-0.6 0.062,-0.6 0.112,-0.6 0.234,-0.6 0.285,-0.6 0.335,-0.6 0.386,-0.6 0.44,-0.6 0.494,-0.6 0.546,-0.6 0.591,-0.6 0.642,-0.6 0.692,-0.6 0.742,-0.6 0.793,-0.6 0.846,-0.6 0.901,-0.6 0.954,-0.6 ;0
-0.906,0.04 -0.868,0.04 -0.829,0.04 -0.792,0.04 -0.754,0.04 -0.716,0.04 -0.68,0.04 -0.644,0.04 -0.605,0.04 -0.569,0.04 -0.529,0.04 -0.493,0.04 -0.453,0.04 -0.407,0.04 -0.359,0.04 -0.311,0.04 -0.264,0.04 -0.214,0.04 -0.165,0.04 -0.116,0.04 -0.065,0.04 -0.019,0.04 0.03,0.04 0.079,0.04 0.128,0.04 0.249,0.04 0.299,0.04 0.351,0.04 0.398,0.04 0.45,0.04 0.502,0.04 0.551,0.04 0.599,0.04 0.648,0.04 0.697,0.04 0.75,0.04 0.799,0.04 0.849,0.04 0.896,0.04 0.947,0.04 0.995,0.04 ;0
-0.888,-0.6 -0.842,-0.6 -0.797,-0.6 -0.749,-0.6 -0.703,-0.6 -0.656,-0.6 -0.612,-0.6 -0.567,-0.6 -0.522,-0.6 -0.479,-0.6 -0.43,-0.6 -0.372,-0.6 -0.316,-0.6 -0.261,-0.6 -0.206,-0.6 -0.151,-0.6 -0.093,-0.6 -0.036,-0.6 0.019,-0.6 0.072,-0.6 0.13,-0.6 0.257,-0.6 0.315,-0.6 0.374,-0.6 0.433,-0.6 0.488,-0.6 0.541,-0.6 0.594,-0.6 0.645,-0.6 0.697,-0.6 0.752,-0.6 0.807,-0.6 0.862,-0.6 0.915,-0.6 0.974,-0.6 ;0
-0.907,0.04 -0.869,0.04 -0.834,0.04 -0.798,0.04 -0.759,0.04 -0.722,0.04 -0.688,0.04 -0.648,0.04 -0.603,0.04 -0.556,0.04 -0.509,0.04 -0.465,0.04 -0.418,0.04 -0.373,0.04 -0.328,0.04 -0.282,0.04 -0.235,0.04 -0.19,0.04 -0.144,0.04 -0.097,0.04 -0.05,0.04 -0.003,0.04 0.043,0.04 0.087,0.04 0.133,0.04 0.254,0.04 0.3,0.04 0.351,0.04 0.4,0.04 0.447,0.04 0.493,0.04 0.539,0.04 0.59,0.04 0.637,0.04 0.684,0.04 0.734,0.04 0.78,0.04 0.827,0.04 0.877,0.04 0.925,0.04 0.973,0.04 ;0
-0.902,-0.6 -0.861,-0.6 -0.818,-0.6 -0.777,-0.6 -0.734,-0.6 -0.695,-0.6 -0.655,-0.6 -0.614,-0.6 -0.572,-0.6 -0.531,-0.6 -0.488,-0.6 -0.448,0.04 -0.406,-0.6 -0.364,0.04 -0.321,-0.6 -0.28,0.04 -0.239,-0.6 -0.2,0.04 -0.159,0.68 -0.11,0.04 -0.06,-0.6 -0.007,0.04 0.044,0.68 0.098,0.04 0.221,-0.6 0.275,0.04 0.325,0.68 0.38,0.04 0.436,-0.6 0.489,0.04 0.543,0.68 0.596,0.04 0.65,-0.6 0.705,0.04 0.757,-0.6 0.81,0.04 0.865,0.68 0.917,0.04 0.972,0.68 ;0
-0.905,0.68 -0.864,0.68 -0.823,0.68 -0.782,0.68 -0.742,0.68 -0.702,0.68 -0.661,0.68 -0.623,0.68 -0.583,0.68 -0.544,0.68 -0.504,0.68 -0.464,0.68 -0.426,0.68 -0.389,0.68 -0.351,0.68 -0.315,0.68 -0.271,0.68 -0.22,0.68 -0.172,0.68 -0.122,0.68 -0.073,0.68 -0.025,0.68 0.023,0.68 0.073,0.68 0.121,0.68 0.24,0.68 0.291,0.68 0.341,0.68 0.391,0.68 0.443,0.68 0.493,0.68 0.543,0.68 0.592,0.68 0.643,0.68 0.695,0.68 0.747,0.68 0.796,0.68 0.845,0.68 0.894,0.68 0.945,0.68 0.993,0.68 ;0
-0.9,0.04 -0.857,0.04 -0.815,0.04 -0.776,0.04 -0.734,0.04 -0.692,0.04 -0.652,0.04 -0.614,0.04 -0.572,0.04 -0.532,0.04 -0.491,0.04 -0.452,0.04 -0.413,0.04 -0.367,0.04 -0.315,0.04 -0.263,0.04 -0.213,0.04 -0.164,0.04 -0.111,0.04 -0.059,0.04 -0.007,0.04 0.042,0.04 0.096,0.04 0.217,0.04 0.271,0.04 0.322,0.04 0.374,0.04 0.426,0.04 0.48,0.04 0.533,0.04 0.588,0.04 0.638,0.04 0.692,0.04 0.747,0.04 0.799,0.04 0.853,0.04 0.908,0.04 0.958,0.04 ;0
-0.91,0.68 -0.874,0.68 -0.84,0.68 -0.807,0.68 -0.772,0.68 -0.739,0.68 -0.706,0.68 -0.669,0.68 -0.636,0.68 -0.601,0.68 -0.559,0.68 -0.513,0.68 -0.469,0.68 -0.424,0.68 -0.379,0.68 -0.336,0.68 -0.291,0.68 -0.245,0.68 -0.2,0.68 -0.158,0.68 -0.111,0.68 -0.069,0.68 -0.023,0.68 0.021,0.68 0.066,0.68 0.109,0.68 0.222,0.68 0.267,0.68 0.312,0.68 0.357,0.68 0.402,0.68 0.445,0.68 0.491,0.68 0.536,0.68 0.58,0.68 0.626,0.68 0.674,0.68 0.718,0.68 0.763,0.68 0.81,0.68 0.854,0.68 0.901,0.68 0.945,0.68 0.99,0.68 ;0
-0.893,-0.6 -0.849,-0.6 -0.806,-0.6 -0.763,-0.6 -0.716,-0.6 -0.673,-0.6 -0.629,-0.6 -0.578,-0.6 -0.525,-0.6 -0.469,-0.6 -0.415,-0.6 -0.359,-0.6 -0.303,-0.6 -0.25,-0.6 -0.196,-0.6 -0.141,-0.6 -0.088,-0.6 -0.035,-0.6 0.022,-0.6 0.077,-0.6 0.132,-0.6 0.258,-0.6 0.313,-0.6 0.37,-0.6 0.426,-0.6 0.482,-0.6 0.54,-0.6 0.595,-0.6 0.653,-0.6 0.712,-0.6 0.768,-0.6 0.825,-0.6 0.882,-0.6 0.938,-0.6 0.995,-0.6 ;0
-0.884,0.68 -0.835,0.68 -0.785,0.68 -0.735,0.68 -0.685,0.68 -0.637,0.68 -0.589,0.68 -0.539,0.68 -0.489,0.68 -0.44,0.68 -0.391,0.68 -0.341,0.04 -0.293,-0.6 -0.244,0.04 -0.196,-0.6 -0.148,0.04 -0.101,-0.6 -0.049,-0.6 0.001,0.04 0.059,-0.6 0.117,0.04 0.246,-0.6 0.307,0.04 0.368,0.04 0.43,0.68 0.491,0.04 0.55,-0.6 0.612,0.04 0.671,0.04 0.732,0.68 0.792,0.04 0.853,-0.6 0.912,0.04 0.973,0.04 ;0
-0.878,0.04 -0.826,0.04 -0.775,0.04 -0.72,0.04 -0.666,0.04 -0.613,0.04 -0.562,0.04 -0.509,0.04 -0.457,0.04 -0.405,0.04 -0.351,0.04 -0.3,0.04 -0.249,0.04 -0.197,0.04 -0.143,0.68 -0.09,0.68 -0.029,0.68 0.036,0.68 0.099,0.68 0.235,0.68 0.301,0.68 0.353,0.68 0.411,0.68 0.478,0.68 0.541,0.68 0.607,0.68 0.657,0.68 0.711,0.68 0.773,0.68 0.837,0.68 0.901,0.68 0.965,0.68 ;0
-0.883,0.68 -0.831,0.68 -0.78,0.68 -0.731,0.68 -0.682,0.68 -0.633,0.68 -0.582,0.68 -0.531,0.68 -0.481,0.68 -0.432,0.68 -0.384,0.68 -0.335,0.68 -0.287,0.68 -0.233,0.68 -0.172,0.68 -0.109,0.68 -0.05,0.68 0.012,0.68 0.074,0.68 0.135,0.68 0.265,0.68 0.329,0.68 0.392,0.68 0.452,0.68 0.512,0.68 0.575,0.68 0.636,0.68 0.698,0.68 0.759,0.68 0.819,0.68 0.879,0.68 0.942,0.68 ;0
-0.865,-0.6 -0.811,-0.6 -0.757,-0.6 -0.701,-0.6 -0.648,-0.6 -0.592,-0.6 -0.538,-0.6 -0.482,-0.6 -0.428,-0.6 -0.372,-0.6 -0.308,-0.6 -0.242,-0.6 -0.176,-0.6 -0.111,-0.6 -0.044,-0.6 0.023,-0.6 0.088,-0.6 0.224,-0.6 0.295,-0.6 0.362,-0.6 0.432,-0.6 0.499,-0.6 0.57,-0.6 0.638,-0.6 0.706,-0.6 0.775,-0.6 0.843,-0.6 0.913,-0.6 0.979,-0.6 ;0
-0.872,-0.6 -0.819,-0.6 -0.765,-0.6 -0.714,-0.6 -0.66,-0.6 -0.608,-0.6 -0.556,-0.6 -0.494,-0.6 -0.43,-0.6 -0.369,-0.6 -0.306,-0.6 -0.24,-0.6 -0.179,-0.6 -0.117,-0.6 -0.056,-0.6 0.009,-0.6 0.074,-0.6 0.138,-0.6 0.274,-0.6 0.337,-0.6 0.404,-0.6 0.467,-0.6 0.534,-0.6 0.601,-0.6 0.665,-0.6 0.728,-0.6 0.793,-0.6 0.857,-0.6 0.92,-0.6 0.985,-0.6 ;0
-0.883,0.68 -0.834,0.68 -0.786,0.68 -0.737,0.68 -0.688,0.68 -0.641,0.68 -0.593,0.68 -0.545,0.68 -0.497,0.68 -0.45,0.68 -0.401,0.68 -0.354,0.04 -0.305,-0.6 -0.259,0.04 -0.212,0.68 -0.163,0.04 -0.114,0.68 -0.067,0.04 -0.021,0.68 0.032,0.04 0.091,-0.6 0.222,0.04 0.281,0.68 0.343,0.04 0.405,0.68 0.466,0.04 0.524,-0.6 0.583,0.04 0.642,0.68 0.703,0.04 0.765,-0.6 0.824,0.04 0.885,0.68 0.943,0.04 ;0
-0.887,-0.6 -0.837,-0.6 -0.79,-0.6 -0.741,-0.6 -0.691,-0.6 -0.641,-0.6 -0.594,-0.6 -0.546,-0.6 -0.498,-0.6 -0.449,-0.6 -0.398,-0.6 -0.351,-0.6 -0.302,-0.6 -0.252,-0.6 -0.202,-0.6 -0.151,-0.6 -0.093,-0.6 -0.031,-0.6 0.03,-0.6 0.089,-0.6 0.22,-0.6 0.278,-0.6 0.339,-0.6 0.4,-0.6 0.462,-0.6 0.523,-0.6 0.583,-0.6 0.642,-0.6 0.701,-0.6 0.76,-0.6 0.82,-0.6 0.88,-0.6 0.939,-0.6 ;0
-0.877,0.04 -0.826,0.04 -0.776,0.04 -0.722,0.04 -0.67,0.04 -0.617,0.04 -0.564,0.04 -0.514,0.04 -0.463,0.04 -0.412,0.04 -0.361,0.04 -0.308,0.04 -0.258,0.04 -0.202,0.04 -0.142,0.04 -0.08,0.04 -0.019,0.04 0.043,0.04 0.107,0.04 0.239,0.04 0.305,0.04 0.367,0.04 0.43,0.04 0.492,0.04 0.555,0.04 0.62,0.04 0.686,0.04 0.75,0.04 0.816,0.04 0.879,0.04 0.945,0.04 ;0
-0.88,0.68 -0.829,0.68 -0.779,0.68 -0.727,0.68 -0.676,0.68 -0.625,0.68 -0.572,0.68 -0.52,0.68 -0.471,0.68 -0.419,0.68 -0.359,0.68 -0.295,0.68 -0.234,0.68 -0.174,0.68 -0.111,0.68 -0.052,0.68 0.011,0.68 0.074,0.68 0.133,0.68 0.266,0.68 0.328,0.68 0.39,0.68 0.452,0.68 0.515,0.68 0.579,0.68 0.64,0.68 0.702,0.68 0.767,0.68 0.829,0.68 0.895,0.68 0.956,0.68 ;0
-0.874,0.68 -0.823,0.68 -0.769,0.68 -0.714,0.68 -0.659,0.68 -0.605,0.68 -0.55,0.68 -0.488,0.68 -0.425,0.68 -0.361,0.68 -0.298,0.68 -0.232,0.68 -0.166,0.68 -0.101,0.68 -0.035,0.68 0.03,0.68 0.093,0.68 0.223,0.68 0.286,0.68 0.349,0.68 0.41,0.68 0.475,0.68 0.539,0.68 0.599,0.68 0.664,0.68 0.729,0.68 0.789,0.68 0.853,0.68 0.916,0.68 0.982,0.68 ;0
